%YAML:1.0
---
sourcePoint00: [ 924., 634. ]
sourcePoint01: [ 803., 646. ]
sourcePoint02: [ 429., 678. ]
sourcePoint03: [ 276., 689. ]
sourcePoint04: [ 391., 545. ]
sourcePoint05: [ 490., 541. ]
sourcePoint06: [ 740., 526. ]
sourcePoint07: [ 827., 521. ]
sourcePoint10: [ 973., 641. ]
sourcePoint11: [ 837., 646. ]
sourcePoint12: [ 467., 651. ]
sourcePoint13: [ 333., 651. ]
sourcePoint14: [ 435., 525. ]
sourcePoint15: [ 527., 524. ]
sourcePoint16: [ 775., 520. ]
sourcePoint17: [ 868., 517. ]
sourcePoint20: [ 961., 658. ]
sourcePoint21: [ 828., 668. ]
sourcePoint22: [ 435., 666. ]
sourcePoint23: [ 303., 652. ]
sourcePoint24: [ 410., 526. ]
sourcePoint25: [ 506., 529. ]
sourcePoint26: [ 767., 530. ]
sourcePoint27: [ 862., 529. ]
sourcePoint30: [ 960., 657. ]
sourcePoint31: [ 819., 663. ]
sourcePoint32: [ 418., 675. ]
sourcePoint33: [ 266., 677. ]
sourcePoint34: [ 387., 528. ]
sourcePoint35: [ 487., 527. ]
sourcePoint36: [ 749., 522. ]
sourcePoint37: [ 843., 520. ]
