%YAML:1.0
---
sourcePoint00: [ 896., 678. ]
sourcePoint01: [ 787., 676. ]
sourcePoint02: [ 510., 664. ]
sourcePoint03: [ 419., 657. ]
sourcePoint04: [ 478., 559. ]
sourcePoint05: [ 545., 562. ]
sourcePoint06: [ 743., 565. ]
sourcePoint07: [ 820., 565. ]
sourcePoint10: [ 934., 690. ]
sourcePoint11: [ 812., 682. ]
sourcePoint12: [ 529., 658. ]
sourcePoint13: [ 444., 647. ]
sourcePoint14: [ 497., 553. ]
sourcePoint15: [ 561., 558. ]
sourcePoint16: [ 762., 566. ]
sourcePoint17: [ 846., 568. ]
sourcePoint20: [ 851., 641. ]
sourcePoint21: [ 758., 646. ]
sourcePoint22: [ 492., 643. ]
sourcePoint23: [ 392., 637. ]
sourcePoint24: [ 457., 542. ]
sourcePoint25: [ 530., 546. ]
sourcePoint26: [ 723., 549. ]
sourcePoint27: [ 794., 547. ]
sourcePoint30: [ 857., 658. ]
sourcePoint31: [ 760., 657. ]
sourcePoint32: [ 495., 648. ]
sourcePoint33: [ 402., 641. ]
sourcePoint34: [ 464., 546. ]
sourcePoint35: [ 534., 550. ]
sourcePoint36: [ 726., 556. ]
sourcePoint37: [ 797., 557. ]
