%YAML:1.0
---
sourcePoint00: [ 897., 678. ]
sourcePoint01: [ 786., 673. ]
sourcePoint02: [ 510., 662. ]
sourcePoint03: [ 422., 656. ]
sourcePoint04: [ 477., 558. ]
sourcePoint05: [ 545., 562. ]
sourcePoint06: [ 744., 565. ]
sourcePoint07: [ 820., 564. ]
sourcePoint10: [ 933., 688. ]
sourcePoint11: [ 813., 681. ]
sourcePoint12: [ 529., 654. ]
sourcePoint13: [ 445., 646. ]
sourcePoint14: [ 496., 553. ]
sourcePoint15: [ 557., 558. ]
sourcePoint16: [ 765., 567. ]
sourcePoint17: [ 847., 566. ]
sourcePoint20: [ 850., 640. ]
sourcePoint21: [ 760., 644. ]
sourcePoint22: [ 491., 642. ]
sourcePoint23: [ 392., 636. ]
sourcePoint24: [ 456., 543. ]
sourcePoint25: [ 532., 547. ]
sourcePoint26: [ 724., 549. ]
sourcePoint27: [ 793., 547. ]
sourcePoint30: [ 854., 656. ]
sourcePoint31: [ 762., 654. ]
sourcePoint32: [ 497., 645. ]
sourcePoint33: [ 405., 640. ]
sourcePoint34: [ 466., 547. ]
sourcePoint35: [ 532., 551. ]
sourcePoint36: [ 727., 557. ]
sourcePoint37: [ 801., 556. ]
